image_width: 640
image_height: 480
camera_name: camera4
camera_matrix:
  rows: 3
  cols: 3
  data: [489.482342, 0, 309.692378, 0, 492.30044, 247.121748, 0, 0, 1]
distortion_model: plumb_bob
distortion_coefficients:
  rows: 1
  cols: 5
  data: [-0.355231, 0.17252, 0.001644, 0.00043, 0]
rectification_matrix:
  rows: 3
  cols: 3
  data: [1, 0, 0, 0, 1, 0, 0, 0, 1]
projection_matrix:
  rows: 3
  cols: 4
  data: [415.536774, 0, 306.950861, 0, 0, 448.056824, 248.787526, 0, 0, 0, 1, 0]
