image_width: 1280
image_height: 960
camera_name: miabot_camera
camera_matrix:
  rows: 3
  cols: 3
  data: [1336.721252, 0, 647.40726, 0, 1336.179318, 484.120068, 0, 0, 1]
distortion_model: plumb_bob
distortion_coefficients:
  rows: 1
  cols: 5
  data: [-0.103525, 0.219002, -0.001899, -0.001065, 0]
rectification_matrix:
  rows: 3
  cols: 3
  data: [1, 0, 0, 0, 1, 0, 0, 0, 1]
projection_matrix:
  rows: 3
  cols: 4
  data: [1326.089966, 0, 645.573101, 0, 0, 1324.983643, 481.998708, 0, 0, 0, 1, 0]