image_width: 1280
image_height: 960
camera_name: miabot_camera4
camera_matrix:
  rows: 3
  cols: 3
  data: [1222.487619, 0, 610.337467, 0, 1220.869205, 467.758671, 0, 0, 1]
distortion_model: plumb_bob
distortion_coefficients:
  rows: 1
  cols: 5
  data: [-0.313675, 0.127577, -0.000354, 0.00031, 0]
rectification_matrix:
  rows: 3
  cols: 3
  data: [1, 0, 0, 0, 1, 0, 0, 0, 1]
projection_matrix:
  rows: 3
  cols: 4
  data: [1111.115356, 0, 604.405063, 0, 0, 1158.253662, 465.706938, 0, 0, 0, 1, 0]
